5
M
38.3
88.6
77.7
91.5
79.3
33.5
38.6
49.2
64.9
42.1
36.2
2.7
69.0
5.9
76.3
92.6
54.0
42.6
17.2
73.6
21.1
36.8
56.7
42.9
78.2
53.0
86.2
12.3
6.7
13.5
92.9
80.2
2.2
5.8
6.9
16.7
39.3
45.6
1.1
4.2
22.9
37.3
42.1
91.9
78.4
53.7
19.8
32.4
31.5
37.0
41.3
52.6
9.1
98.0
95.6
87.3
86.2
17.0
99.6
28.1
30.5
92.5
8.4
32.7
33.6
50.5
84.6
72.9
31.3
85.7
12.4
89.5
58.2
54.5
81.4
36.7
43.4
36.4
4.3
75.0
8.7
80.8
27.6
17.8
78.8
58.4
40.3
65.1
75.4
39.9
93.2
6.0
67.6
36.8
73.9
1.2
22.6
58.6
9.4
53.9
79.5
57.0
43.4
37.8
46.7
60.1
9.7
90.2
31.7
49.2
65.2
75.6
30.1
28.0
28.6
44.1
86.5
68.9
44.4
61.9
44.0
72.9
3.1
11.7
9.7
77.1
48.1
67.5
70.9
92.7
56.7
85.6
49.7
35.3
58.6
96.5
30.6
68.3
21.9
62.4
52.8
87.1
73.2
82.9